1,4,19,48,65,76,77,99,119,233,237
2,4,10,16,53,55,76,77,80,81,83,153,209
3,4,19,48,65,76,77,98,99,233,237
4,4,10,16,19,53,55,65,76,77,81,83,99,120,169,209
5,4,16,19,53,65,69,76,77,99,117,119,120,169,209,215,231,233
6,4,10,16,38,53,76,77,78,79,80,117,120,209,215
7,4,16,38,53,76,77,78,79,80,117,213,215
8,3,4,9,19,30,35,40,48,70,76,77,97,114,241,243
9,4,19,40,48,76,77,97,98,114,237,241
10,4,19,40,48,76,77,97,98,237,241
11,4,19,48,65,76,77,98,237
12,4,19,40,48,76,77,97,98,237,241
13,4,19,48,55,65,69,76,77,98,99,119,169,231,233,237
14,4,19,48,65,76,77,98,99,119,237
15,4,16,38,66,76,77,117,213,215
16,4,19,35,40,76,77,97,241
17,4,16,38,76,77,117,213,215,233
18,4,16,19,38,65,66,76,77,99,116,117,215,217,233,237
19,4,16,18,38,41,76,77,117,215,233
20,4,16,38,66,76,77,117,213,215
21,4,19,48,61,65,76,77,98,99,114,237,241
22,4,10,16,19,53,55,65,69,76,77,99,117,118,119,120,169,209,215,231,233
23,4,16,38,53,76,77,79,117,215
24,4,19,40,48,76,77,98,237
25,4,10,11,36,55,76,77,83,121,122,153,163,165,169,209
26,4,16,19,38,65,76,77,90,91,92,93,99,117,233,237
27,4,19,40,48,61,76,77,97,98,114,237,241
28,4,10,36,55,76,77,83,86,121,153,209
29,4,19,35,40,48,76,77,97,98,237,241
30,4,19,35,40,48,76,77,97,98,235,237,239,241
31,4,10,16,53,55,76,77,80,81,120,153,209
32,4,15,19,47,48,65,76,77,96,98,99,114,116,237
33,4,10,11,18,19,41,55,65,76,77,83,90,91,92,93,99,121,163,169,181,231,233
34,4,19,48,65,76,77,98,99,233,237
35,4,16,38,66,76,77,117,213,215,217
36,4,19,48,61,77,237,241
37,4,19,35,40,76,77,97,241
38,4,15,19,35,40,47,48,61,76,77,96,114,205,241
39,4,19,65,76,77,99,116,233,237
40,4,19,48,61,65,76,77,99,233,237
41,4,19,48,65,69,76,77,98,99,118,119,233,237
42,4,16,38,53,61,76,77,117,120,169,209,215
43,4,10,16,18,19,41,53,55,61,65,76,77,81,83,90,91,92,93,99,120,169,209,231
44,4,19,48,61,77,237
45,4,10,11,19,55,65,76,77,83,99,163,169,233,235
46,4,10,16,38,53,55,76,77,78,79,80,81,117,209,213,215
47,4,19,48,61,65,76,77,98,99,237
48,4,7,16,19,20,48,65,66,76,77,116,117,215,217
49,4,19,35,40,48,61,76,77,97,113,114,237,241,243
50,4,19,48,65,76,77,98,99,237
51,4,15,19,48,65,76,77,98,99,116,237
52,4,10,16,53,55,76,77,81,83,153,209
53,4,10,11,19,36,55,65,76,77,115,121,122,124,163,165,167,235
54,4,16,18,19,38,41,53,65,76,77,99,117,119,215,233
55,4,10,16,53,55,76,77,80,81,83,209,213,215
56,4,16,38,53,66,76,77,79,117,213,215
57,4,19,48,65,76,77,98,99,169,233,237
58,4,19,48,65,76,77,98,99,115,181,233,235,237
59,3,4,8,9,19,24,27,30,35,39,57,70,76,77,114,207,241,243,245,251,253,255
60,4,19,40,48,61,76,77,97,237,241
61,4,10,36,76,77,90,91,92,93,122,123,124,165
62,4,16,38,53,76,77,117,209,213
63,4,10,36,46,55,76,77,83,85,86,153,163,209
64,3,4,9,15,19,30,35,40,47,48,57,70,76,77,96,97,114,205,241,243
65,4,19,35,40,48,61,76,77,97,98,237,241
66,4,16,38,66,76,77,117,213,215
67,4,16,19,20,38,76,77,116,117,203,217
68,4,10,36,46,76,77,87,122,123,124,165,167
69,4,10,16,18,19,41,53,55,61,65,69,76,77,90,91,92,93,99,119,120,153,169,209,231,233
70,4,16,19,20,48,65,66,76,77,116,203,217,237
71,4,19,48,61,65,76,77,99,116,237
72,4,16,19,48,65,66,76,77,99,116,117,215,217,237
73,4,16,20,38,66,76,77,117,213,217
74,4,16,18,19,41,53,65,76,77,90,91,92,93,99,117,118,119,233,237
75,4,15,19,35,40,47,48,61,76,77,96,97,114,237,241
76,4,19,35,40,76,77,97,113,114,241,243
77,4,16,38,76,77,116,117,213,217
78,4,10,36,46,76,77,88,89,124,167
79,4,16,38,76,77,117,213
80,3,4,8,19,27,35,40,61,76,77,97,113,241,243,253
81,4,10,36,46,61,76,77,86,121,122,123,163,165
82,4,19,48,65,76,77,98,99,233,237
83,4,19,35,40,61,76,77,97,237,241
84,4,10,18,19,36,41,65,76,77,90,91,92,93,99,122,124,163,165,167,181,235
85,4,10,16,53,76,77,78,79,80,209,213
86,4,16,38,66,76,77,117,213
87,4,10,18,32,36,41,55,61,76,77,90,91,92,93,121,122,163,165,181
88,4,15,19,47,48,76,77,96,116,203,237
89,4,10,18,32,36,41,55,61,76,77,83,90,91,92,93,121,153,163,169,181,209
90,4,10,36,46,61,76,77,122,123,165
91,3,4,9,15,19,30,35,39,47,57,70,76,77,96,114,205,207,243,245
92,4,16,38,53,76,77,117,209,213
93,4,10,36,55,61,76,77,83,86,153,163
94,4,19,48,65,76,77,99,233,237
95,4,10,16,18,32,38,41,53,55,61,76,77,79,169,209,213,215
96,4,15,19,40,47,48,76,77,96,98,114,203,205,237,241
97,4,10,18,36,41,61,76,77,90,91,92,93,153,163,169,181
98,4,16,38,53,76,77,78,79,80,117,209,213,215
99,4,10,11,19,36,65,76,77,115,124,167,235
100,4,16,38,53,76,77,78,79,117,209,213
101,4,15,19,37,40,47,61,76,77,96,114,205,207,241
102,4,10,36,46,76,77,86,121,122,153,163,165
103,4,15,19,37,40,47,61,76,77,95,96,114,203,205
104,4,19,48,65,76,77,98,115,237,239,241
105,4,10,55,76,77,81,83,153,209
106,4,15,19,40,47,61,76,77,96,205,207,241
107,4,16,38,56,64,76,77,84,96,116,203,211,213,217
108,4,19,40,48,61,65,76,77,97,98,115,233,237
109,4,18,19,26,32,41,48,61,65,76,77,90,91,92,93,99,181,233,237
110,4,19,40,48,61,65,76,77,98,233,237,241
111,4,16,19,20,38,48,56,61,65,66,76,77,116,203,217
112,4,16,18,19,41,53,61,65,69,76,77,90,91,92,93,117,118,169,209,215,233
113,4,16,38,53,76,77,78,79,80,117,209
114,4,15,16,19,20,48,56,61,63,76,77,96,116,203,217
115,4,16,38,64,76,77,84,117,213,217
116,4,10,46,76,77,87,123,159,165
117,4,19,35,40,48,61,65,76,77,97,98,115,235,237,239,241
118,4,12,19,35,52,61,76,77,97,113,207,237,241
119,4,12,19,35,40,52,61,76,77,97,113,114,207,237,241
120,4,19,48,61,65,76,77,99,118,233,237
121,4,19,40,48,76,77,97,98,237,239,241
122,4,16,19,38,61,65,66,76,77,116,117,215,217,237
123,4,10,16,53,55,76,77,80,81,83,153,209
124,4,10,36,46,61,76,77,90,91,92,93,122,123,165
125,4,16,18,19,38,41,65,76,77,90,91,92,93,117,118,233,237
126,4,10,16,38,53,55,61,76,77,79,80,81,117,209,213
127,4,18,19,32,41,61,65,76,77,90,91,92,93,98,99,181,233,235,237
128,4,10,11,18,19,36,41,55,65,76,77,90,91,92,93,99,115,121,122,163,165,169,181,235
129,4,10,16,18,19,41,53,55,61,65,69,76,77,83,90,91,92,93,99,118,120,169,181,209,231,233
130,4,16,20,38,66,76,77,117,213,217
131,4,10,16,53,55,76,77,78,79,80,81,153,209
132,4,16,38,53,76,77,79,117,209,213
133,4,10,18,32,36,41,46,61,76,77,123,163,165
134,4,10,18,26,32,36,41,61,76,77,90,91,92,93,122,124,163,165,181
135,4,15,19,48,61,65,76,77,96,99,116,203,237
136,4,15,18,19,32,42,48,61,65,75,76,77,96,99,116,203,237
137,4,15,37,47,61,76,77,94,95,96,199,203,205,207
138,4,16,18,19,32,41,61,65,69,76,77,90,91,92,93,118,169,181,233
139,4,10,36,46,76,77,83,85,86,153,159,163
140,4,15,19,47,48,61,77,203,237
141,4,16,38,61,66,76,77,117,213,217
142,4,15,19,40,47,48,61,76,77,96,114,203,205,237,241
143,4,15,19,47,48,63,76,77,95,96,116,203
144,4,12,18,19,35,40,42,52,61,75,76,77,97,113,189,207,241
145,4,15,19,40,48,61,76,77,96,114,203,205,237,241
146,4,19,48,65,76,77,98,115,239,241
147,4,19,40,76,77,97,241
148,4,10,18,19,26,32,41,55,65,69,76,77,90,91,92,93,99,118,169,181,231,233
149,4,16,38,53,61,76,77,117,209,213
150,4,16,38,64,76,77,84,116,117,213,217
151,3,4,8,19,27,35,40,61,76,77,114,207,241,243,251
152,4,16,18,19,32,38,41,61,65,76,77,90,91,92,93,215,233
153,4,10,16,38,53,55,76,77,79,80,117,209,213,215
154,4,10,16,18,19,38,41,61,65,76,77,90,91,92,93,117,118,169,215,233
155,4,10,46,61,76,77,86,153,159,163,165
156,4,10,46,53,55,76,77,81,83,85,153,209
157,4,10,18,26,32,36,41,42,61,75,76,77,90,91,92,93,122,124,130,165,181,223
158,4,10,36,46,61,76,77,87,123,159,165
159,4,16,18,19,20,32,38,48,61,65,66,76,77,99,116,203,217,237
160,4,16,38,53,76,77,79,80,82,117,209,211,213
161,4,10,18,32,53,55,61,76,77,83,153,209
162,4,10,16,18,32,41,61,76,77,90,91,92,93,169,181
163,4,16,18,19,32,38,41,53,61,65,69,76,77,90,91,92,93,117,118,169,181,215,231,233
164,4,19,48,65,76,77,98,115,235,237,239
165,4,10,46,76,77,85,86,159
166,4,16,38,53,56,61,64,76,77,79,82,84,117,209,211,213
167,4,19,35,40,48,61,76,77,97,98,237,241
168,4,10,18,26,32,41,55,76,77,90,91,92,93,121,163,169,181
169,4,10,16,53,61,77,209,213
170,4,10,18,32,36,46,55,61,76,77,83,86,153,159,163,165
171,4,15,19,40,47,48,61,76,77,96,114,116,203,205,237
172,4,15,19,47,48,61,76,77,95,96,116,203
173,4,15,19,35,37,47,61,76,77,95,96,203,205,207,243
174,4,10,36,46,61,76,77,88,89,124,161,165,167
175,4,10,46,55,76,77,81,83,153,209
176,4,18,19,26,32,41,43,61,65,76,77,90,91,92,93,98,99,136,145,169,181,225,227,233
177,4,10,16,53,55,76,77,80,81,83,153,209
178,3,4,8,9,19,24,27,35,39,76,77,97,114,207,241,243,249,251,253,255,257,259
179,4,15,16,19,20,48,56,61,63,76,77,96,116,203,217
180,4,16,20,38,56,61,64,66,76,77,84,116,117,203,211,213,217
181,4,10,36,46,76,77,88,89,124,161,167
182,4,10,18,32,36,46,55,61,76,77,83,86,153,163
183,4,16,38,53,61,66,76,77,117,209,213
184,4,12,15,19,35,52,61,76,77,97,113,114,207,241
185,4,12,15,18,19,35,42,52,61,75,76,77,114,189,191,207,241
186,4,10,18,36,41,61,76,77,90,91,92,93,165,181
187,4,16,20,38,66,76,77,116,117,203,213,217
188,4,10,16,53,55,61,76,77,79,80,81,117,153,209
189,4,10,16,38,53,55,61,76,77,79,80,117,209,213
190,4,10,36,46,61,76,77,87,123,124,159,161,165,167
191,4,10,18,19,32,36,41,61,65,76,77,90,91,92,93,115,124,167,181,235
192,4,12,19,35,40,52,61,72,76,77,97,189,191,193,207,241
193,4,10,36,46,61,62,76,77,87,123,155,157,159,161
194,4,10,36,46,55,76,77,83,85,86,153,159
195,4,10,46,61,62,76,77,87,123,159,165
196,4,18,19,41,61,65,69,76,77,99,118,231,233,237
197,3,4,8,9,15,19,24,27,30,35,39,57,61,70,73,76,77,96,114,205,207,241,243,245,251,253,255
198,4,10,46,55,61,76,77,83,153,209
199,4,10,18,26,32,41,43,61,76,77,90,91,92,93,136,145,169,181,223,225,227
200,4,12,18,19,22,42,52,61,75,76,77,129,132,189,191,207,241
201,3,4,8,9,15,19,27,30,35,61,76,77,114,207,241,251
202,4,10,36,46,62,76,77,83,85,86,153,159
203,3,4,8,9,12,19,24,27,35,52,61,76,77,97,112,113,191,207,241,243,249,251,253,255,259
204,4,10,46,61,62,76,77,86,87,123,159,165
205,4,10,46,55,76,77,83,153,155
206,4,10,16,38,56,61,76,77,84,211,213,217
207,4,18,19,26,32,41,43,61,65,67,69,76,77,90,91,92,93,118,135,136,137,144,145,151,181,225,227,229,231,233
208,4,10,36,61,77,159,165
209,4,16,38,64,76,77,84,211,213,217
210,4,10,16,38,61,66,76,77,117,213
211,4,10,36,46,76,77,85,86,123,153,159,163,165
212,4,15,19,37,40,44,47,61,76,77,95,203,205,207
213,4,10,36,46,61,76,77,83,85,86,153,159
214,4,18,19,22,26,32,41,42,61,65,75,76,77,78,90,91,92,93,98,99,129,181,225,233
215,4,15,19,47,48,61,77,78,203
216,4,10,36,46,61,76,77,78,87,123,159,165
217,4,12,18,19,42,52,61,72,75,76,77,78,97,125,132,189,191,193,207
218,4,18,19,26,32,41,61,65,76,77,78,90,91,92,93,99,115,169,181,233
219,4,12,19,40,48,61,72,76,77,78,97,98,207,241
220,3,4,9,12,19,24,35,40,52,72,76,77,78,97,112,113,191,207,241,255,259
221,4,10,16,53,55,61,76,77,78,80,81,153,209
222,4,12,19,40,48,61,65,72,76,77,78,97,98,115,207,239,241
223,4,12,18,19,22,32,42,43,52,61,75,76,77,78,129,132,143,145,189,191,207,241
224,4,15,19,47,48,63,76,77,78,95,96,203
225,4,10,16,53,55,76,77,78,80,81,83,153,209
226,4,10,46,61,62,76,77,78,86,123,159,165
227,4,10,18,22,26,32,41,42,43,61,75,76,77,78,90,91,92,93,127,128,145,181,223,225
228,4,10,55,76,77,78,81,83,153
229,4,10,18,26,32,41,43,61,67,76,77,78,90,91,92,93,136,145,150,169,181,223,225,227,229
230,4,10,18,32,36,46,61,76,77,78,124,165,167,181,223
231,4,10,18,19,26,32,36,41,61,65,76,77,78,90,91,92,93,115,181,225,233,235
232,4,10,18,32,38,53,55,61,76,77,78,81,83,153,209
233,4,10,36,46,62,76,77,78,87,88,89,161,167
234,4,12,19,48,61,65,72,76,77,78,98,105,115,191,235,237,239,241
235,4,10,46,62,76,77,78,83,85,155,159
236,4,19,65,76,77,78,115,235,239
237,4,15,19,29,47,61,76,77,78,96,203
238,4,10,46,55,76,77,78,83,153,155,159
239,3,4,9,15,30,35,37,47,70,76,77,78,95,199,205,207,243
240,4,16,56,64,76,77,78,84,211,213
241,4,15,47,76,77,78,95,96,203
242,3,4,9,15,30,35,37,39,44,47,57,70,73,76,77,78,95,96,199,207,243,245,251,253,255
243,4,10,16,18,19,22,26,32,38,41,42,61,65,67,69,75,76,77,78,90,91,92,93,118,129,137,144,169,181,223,229,231
244,4,15,16,19,29,56,61,63,76,77,78,84,96,201,203,213
245,4,12,19,52,61,72,76,77,78,97,105,113,207,241
246,4,10,19,36,65,76,77,78,115,124,167,181,235
247,3,4,8,12,27,52,76,77,78,105,112,113,132,189,191,207
248,4,15,19,37,44,47,61,76,77,78,95,96,203,205,207
249,3,4,8,12,18,19,27,35,42,52,61,75,76,77,78,97,105,112,113,114,132,189,191,207
250,4,10,18,32,46,61,76,77,78,86,155,159,165
251,4,16,56,64,76,77,78,84,96,116,201,203,211,213
252,4,15,29,47,63,76,77,78,96,203
253,4,10,16,53,55,76,77,78,80,81,83,153,209
254,3,4,9,12,15,19,30,35,44,52,61,76,77,78,96,199,205,207
255,4,12,19,52,61,65,72,76,77,78,105,115,125,193,235
256,4,12,18,19,22,32,42,48,52,61,65,75,76,77,78,129,130,132,189,219
257,4,15,16,19,48,61,76,77,78,116,201,203
258,4,10,46,61,76,77,78,87,88,89,124,155,159,161,165,167
259,4,10,18,26,32,36,41,43,61,76,77,78,90,91,92,93,124,145,165,167,181,223
260,4,10,46,61,62,76,77,78,86,87,155,159
261,4,12,15,18,19,35,42,52,61,75,76,77,78,96,114,191,199,207
262,4,10,46,62,76,77,78,85,86,155,159
263,4,18,26,32,41,43,76,77,78,136,145,181,225,227
264,4,12,18,19,32,42,52,61,75,76,77,78,125,132,189,193
265,4,10,16,56,61,77,78,201,203,217,219
266,2,4,12,14,18,19,32,42,43,52,61,67,75,76,77,78,105,111,112,125,132,136,141,143,145,148,151,189,193,227,229
267,4,10,12,18,21,32,45,46,61,76,77,78,86,155,159,165
268,4,15,19,29,47,48,56,61,63,76,77,78,96,108,201,203
269,4,10,16,61,77,78,209,213
270,4,15,37,44,47,61,76,77,78,95,203,205,207
271,4,15,29,37,44,47,76,77,78,94,95,199,203,205
272,3,4,8,9,15,19,24,27,30,35,37,39,44,47,57,61,70,73,76,77,78,95,96,205,207,243,245,251,253,255
273,4,12,19,40,61,72,76,77,78,97,113,115,207,235,239,241
274,4,16,56,64,76,77,78,84,211,213
275,3,4,9,15,30,35,37,39,44,47,57,70,73,76,77,78,94,95,96,199,205,207,243,245,251,253
276,4,10,16,18,19,20,32,38,48,61,65,66,76,77,78,116,203,217
277,4,16,38,53,61,76,77,78,80,117,209,211,213
278,4,10,46,55,61,62,76,77,78,81,83,153
279,4,10,16,53,55,76,77,78,80,81,83,153,209
280,4,10,12,18,19,32,36,43,52,60,61,65,76,77,78,90,91,92,93,111,115,124,125,145,157,173,181,193,225,235
281,4,10,46,62,76,77,78,87,88,89,157,161,167
282,4,10,12,25,46,55,61,76,77,78,83,153,155,159
283,4,12,18,19,22,32,42,52,61,67,75,76,77,78,107,129,130,132,144,189,191,199,229
284,4,12,15,18,19,42,52,61,75,76,77,78,96,114,132,189,191,199,207
285,4,16,38,56,61,64,76,77,78,84,203,211,213,217
286,4,10,12,21,25,45,46,61,62,76,77,78,86,155,159
287,4,16,56,64,76,77,78,84,201,203,211,213,219
288,4,10,18,26,32,36,41,43,60,61,76,77,78,90,91,92,93,124,145,157,167,179,181,223,225
289,4,15,29,47,76,77,78,94,95,195,197,201,203
290,4,10,46,61,62,76,77,78,85,86,155,159
291,4,10,36,46,61,76,77,78,88,89,124,157,161,167
292,3,4,8,9,12,15,18,19,23,27,30,33,34,35,49,52,75,76,77,78,96,113,114,131,191,199,207,249,251,257,267,268
293,4,12,15,18,19,32,42,44,47,48,52,54,61,75,76,77,78,96,107,195,199,219
294,4,10,12,21,45,46,61,62,76,77,78,109,130,159,165
295,4,10,46,55,61,76,77,78,83,153,155,159
296,4,10,12,21,45,46,61,62,76,77,78,86,87,109,155,159,175
297,4,16,56,61,64,76,77,78,84,211,213
298,4,10,19,36,46,65,76,77,78,88,89,115,124,167,181,235
299,4,16,56,64,76,77,78,84,96,201,203,211,213
300,4,10,12,21,45,61,62,76,77,78,86,87,109,155,159,175,183
301,2,3,4,5,6,8,9,12,13,17,18,19,24,27,33,34,35,39,49,52,75,76,97,113,114,131,191,207,247,249,251,255,257,258,259,267,268
302,4,10,46,61,62,76,77,78,83,85,153,155,159
303,4,15,16,19,20,56,61,76,77,78,84,96,116,201,203
304,4,10,12,19,36,52,60,61,65,72,76,77,78,105,111,115,124,157,167,173,179,181,191,193,235
305,4,10,16,56,61,77,78,209,211,213
306,4,15,16,19,29,56,61,76,77,78,84,108,197,201,203
307,4,10,46,55,61,62,76,77,78,83,153,155,159
308,4,10,46,61,62,76,77,78,87,88,89,155,157,159,161
309,4,10,12,21,45,46,61,62,76,77,78,87,109,155,159
310,4,15,44,47,61,76,77,78,94,95,199,203,205,207
311,3,4,9,15,30,35,37,44,57,70,73,76,77,78,94,95,199,205,243,245
312,4,12,15,18,19,32,44,52,54,61,76,77,78,95,96,107,130,195,199,219
313,4,12,19,61,65,72,76,77,78,105,113,115,191,207,235,239
314,4,16,38,53,61,64,76,77,78,79,80,82,117,209,211
315,3,4,8,9,12,15,27,30,33,35,44,49,52,61,76,77,78,95,96,131,199,207,249,251,255,263,267
316,4,15,16,29,56,61,63,76,77,78,84,95,96,108,201,203
317,4,12,18,19,32,42,43,52,61,75,76,77,78,125,136,141,145,189,193,225,227
318,4,16,56,64,76,77,78,84,211,219
319,4,10,12,25,46,61,76,77,78,83,153,155,159
320,2,3,4,8,9,12,13,17,24,27,52,76,77,78,105,112,113,191,207,249,255,257,259
321,4,16,53,64,76,77,78,82,84,211
322,4,10,16,53,55,61,76,77,78,80,81,117,153,209,213
323,4,12,15,18,19,32,42,44,52,54,61,75,76,77,78,95,107,195,199,219
324,4,10,12,16,25,53,55,61,76,77,78,80,81,153,185,209
325,4,15,16,29,56,76,77,78,84,96,197,201,203
326,4,10,45,46,61,62,76,77,78,83,155,159,171
327,4,10,45,46,62,76,77,78,87,88,89,155,157,159,161,175,177
328,4,15,29,47,76,77,78,95,96,203
329,4,10,45,46,55,61,62,76,77,78,83,153,155,171,221
330,4,12,18,19,42,52,61,72,75,76,77,78,105,111,112,113,125,132,189,191,193,207,235,239
331,4,10,16,53,55,76,77,78,79,80,81,209,221
332,4,15,29,47,76,77,78,95,96,203
333,4,10,12,21,45,46,62,76,77,78,87,155,157,159,175
334,2,3,4,8,12,14,18,23,27,34,52,61,75,76,77,78,104,105,107,112,113,189,191,199,207,247,249,261,262
335,4,10,16,51,56,61,64,76,77,78,82,84,117,209,211,213,219
336,4,10,12,19,36,50,60,61,65,72,76,77,78,90,91,92,93,105,124,157,167,173,179,191,235
337,2,4,12,13,17,18,42,52,72,75,76,77,78,105,111,112,113,125,126,132,189,191,207
338,3,4,8,12,15,19,27,44,52,61,76,77,78,95,96,107,199,207,249
339,4,10,36,46,61,76,77,78,88,89,124,157,161,167
340,4,10,12,18,25,32,45,46,61,76,77,78,83,85,109,155,159
341,4,10,55,62,76,77,78,83,153,155,221
342,2,4,12,14,18,19,22,32,42,52,61,67,75,76,77,78,104,113,114,129,132,135,189,191
343,4,12,15,18,19,29,32,42,44,47,54,61,75,76,77,78,95,100,107,108,195,199
344,3,4,6,8,9,15,24,27,30,31,33,35,39,44,49,57,58,61,71,73,74,76,77,78,95,96,131,199,207,243,245,251,253,255,257,264,265,266,267
345,4,10,16,51,53,56,61,64,76,77,78,82,84,211,219
346,4,16,56,61,64,76,77,78,84,211,219
347,4,10,12,25,45,46,61,62,76,77,78,83,85,155,159
348,4,12,15,19,29,47,54,56,61,76,77,78,94,95,100,107,108,195,203
349,4,15,29,76,77,78,95,96,201,203
350,4,15,16,29,56,76,77,78,84,96,197,201,203
351,4,10,36,46,61,62,76,77,78,88,89,157,161,167
352,4,15,29,37,44,47,61,76,77,78,94,95,96,195,199,203,205
353,4,10,12,21,25,45,46,61,62,76,77,78,86,109,155,159,175
354,4,16,56,76,77,78,84,211,219
355,4,15,29,44,47,61,76,77,78,94,95,96,195,199,207
356,4,15,29,47,76,77,78,95,96,201,203
357,4,12,15,16,19,29,54,56,61,76,77,78,95,108,195,197,201
358,2,3,4,5,6,8,12,13,14,17,18,27,34,52,75,76,147,189,191,247,249,268
359,4,10,45,46,61,62,76,77,78,83,155,159,171
360,4,15,29,44,76,77,78,94,95,195,203,205
361,4,16,53,76,77,78,79,80,82,209,211,219,221
362,4,15,29,44,47,76,77,78,94,95,96,201,203
363,4,10,45,46,62,76,77,78,87,155,159
364,4,10,12,25,45,46,61,76,77,78,83,101,109,155,159,171
365,4,16,56,64,76,77,78,84,201,211
366,4,16,53,64,76,77,78,82,84,209,211,219
367,4,10,16,51,53,55,61,76,77,78,80,81,83,209,219,221
368,4,10,45,46,55,61,76,77,78,81,83,153,171,185,209,221
369,4,15,29,44,76,77,78,94,95,195,199,203,205
370,4,10,62,76,77,78,88,89,157,161
371,4,10,62,76,77,78,86,87,155,159,175
372,4,15,16,19,29,56,61,76,77,78,84,95,96,108,195,197,201,203
373,4,10,45,46,62,76,77,78,85,86,155,159
374,4,10,45,46,61,62,76,77,78,83,153,155,171,221
375,4,10,45,46,61,62,76,77,78,85,86,87,155,159
376,4,15,16,29,56,76,77,78,84,197,201,211,219
377,3,4,8,12,15,19,23,27,44,52,61,76,77,78,96,107,191,199,207,247,249,262,263,268
378,4,15,16,29,56,61,76,77,78,84,108,195,197,201,219
379,4,12,15,18,19,29,32,44,54,61,76,77,78,95,107,195,199
380,3,4,6,8,9,15,27,28,30,44,76,77,78,95,96,199,249,251,263,264,266
381,4,10,45,46,61,62,76,77,78,87,88,89,157,161
382,3,4,6,9,15,30,31,44,57,58,71,76,77,78,95,195,199,243,245,251,264,265,266
383,4,15,29,76,77,78,84,95,96,197,201
384,3,4,8,12,15,18,19,27,32,44,52,61,76,77,78,96,104,107,130,189,191,199,219,249
385,4,10,12,15,16,18,19,25,32,56,61,76,77,78,108,195,197,201,219
386,4,10,36,46,50,59,61,62,76,77,78,88,89,157,179
387,1,4,16,56,64,76,77,78,84,211,219,220
388,4,10,45,46,62,76,77,78,83,85,155,159,171,175
389,4,15,29,44,76,77,78,95,195,199
390,1,4,10,12,25,45,61,62,76,77,78,101,109,155,171,175,185
391,4,10,12,18,21,32,36,45,46,50,59,60,61,76,77,78,88,89,102,103,124,157,161,167,173,179,223
392,1,4,7,15,29,44,76,77,78,95,195,199
393,4,10,12,21,45,61,76,77,78,86,87,109,130,155,175,183
394,4,10,45,46,61,62,76,77,78,83,85,155,159
395,4,10,16,45,53,55,61,62,76,77,78,80,81,83,153,209,221
396,1,4,15,16,29,56,76,77,78,84,96,197,201,219
397,4,10,12,16,25,56,61,76,77,78,108,185,187,219
398,4,10,12,16,25,61,76,77,78,108,185
399,4,10,12,16,25,51,56,61,76,77,78,82,84,185,219
400,4,10,45,62,76,77,78,83,155,171,221
401,4,16,56,76,77,78,84,201,211,219
402,4,12,15,18,19,32,42,54,56,61,75,77,78,130,195,197,219
403,4,10,12,16,18,25,32,54,56,61,76,77,78,108,130,185,187,219
404,2,4,10,12,14,18,32,43,52,60,72,76,77,78,105,111,125,126,133,136,141,143,145,173,189,191,193,225,227,229,235
405,4,10,12,16,25,56,61,76,77,78,84,108,185,219
406,4,10,45,46,61,62,76,77,78,83,155,171
407,4,10,12,18,21,25,32,61,76,77,78,101,109,110,130,183,185,223
408,1,2,3,4,8,12,14,18,19,27,32,52,61,67,76,77,78,104,107,130,144,189,199,219,229,249,262,263
409,1,4,7,10,12,21,25,45,76,77,78,83,86,109,155,175,183,184,186
410,4,10,12,25,61,76,77,78,101,171,185
411,4,10,16,51,53,61,76,77,78,80,81,82,83,211,219,221
412,1,4,10,16,45,51,53,55,76,77,78,79,80,81,82,83,84,209,221
413,4,16,56,76,77,78,84,219
414,4,10,45,46,61,62,76,77,78,87,157,177
415,4,10,12,18,22,25,32,42,61,75,76,77,78,108,127,130,185,223
416,1,4,7,10,45,46,55,62,76,77,78,83,171,172,221,222
417,1,4,7,10,12,21,45,62,76,77,78,86,87,109,155,175,176,183
418,4,10,36,45,46,50,59,61,76,77,78,88,89,124,157,179
419,1,3,4,8,12,18,27,32,52,54,61,76,77,78,106,107,130,195,199,219,249,263
420,1,4,12,25,76,77,78,101,185
421,4,10,45,62,76,77,78,86,155,159,175
422,1,4,10,36,45,50,59,60,76,77,78,88,89,90,91,92,93,102,103,124,157,173,179
423,1,4,15,29,44,76,77,78,94,95,195,199,201
424,4,16,56,61,76,77,78,84,211,219
425,1,4,12,15,16,18,25,32,54,56,61,76,77,78,100,108,195,197,219
426,1,4,10,12,18,21,22,32,43,45,60,61,76,77,78,102,103,111,128,136,145,173,179,223,225,227
427,1,4,16,56,76,77,78,84,219,220
428,4,10,16,51,56,61,76,77,78,82,84,185,219
429,1,3,4,7,9,15,30,31,44,76,95,195,199,251,264,265
430,2,3,4,5,8,12,14,18,27,32,52,61,67,76,77,78,104,105,135,138,140,144,147,151,152,189,191,199,229,247,249,262
431,4,10,12,25,51,61,76,77,78,101,108,185
432,4,10,12,18,21,32,42,45,61,75,76,77,78,87,109,130,175,183
433,1,3,4,8,12,18,27,32,42,52,54,61,75,76,77,78,106,107,130,187,189,195,199,219,249
434,1,4,16,53,56,61,64,76,77,78,84,219
435,1,4,12,25,76,77,78,100,101,108,185
436,1,4,10,12,25,45,61,62,76,77,78,83,85,86,109,155,171,175,185
437,1,4,7,10,45,50,61,62,76,77,78,88,89,157,161,177,179,180
438,4,15,29,44,76,77,78,94,195,199,203,205
439,4,10,12,18,22,25,32,42,54,61,75,76,77,78,100,129,130,185,187
440,4,12,18,32,42,54,61,75,76,77,78,106,130,187,219
441,4,10,12,25,45,61,76,77,78,83,101,108,155,171,185
442,1,4,10,45,46,62,76,77,78,86,87,155,175
443,4,10,45,46,61,76,77,78,83,171
444,4,10,12,21,36,45,61,76,77,78,87,88,89,102,103,109,124,157,161,173,177,179,183,223
445,4,12,16,25,56,76,77,78,108,185,187,219
446,4,12,18,25,32,42,54,75,76,77,78,100,108,130,185,187
447,4,16,56,76,77,78,84,219
448,1,4,7,10,62,76,77,78,83,85,155,171,172,175,176
449,1,4,10,45,62,76,77,78,87,155,175,176
450,1,4,15,29,76,77,78,95,96,197,201
451,1,4,7,10,12,25,45,62,76,77,78,83,85,101,109,155,171,172
452,1,2,4,14,18,32,67,76,77,78,130,144,187,189,229
453,1,3,4,6,8,12,15,27,28,29,44,54,76,77,78,95,96,107,195,199,249,263
454,1,4,7,10,45,62,76,77,78,83,85,155,171,172,175,176
455,1,3,4,6,7,9,15,30,31,37,44,57,58,71,73,74,76,77,78,94,95,195,199,243,244,245,246,253,254,265
456,1,4,7,16,56,76,77,78,84,201,211,219,220
457,1,4,10,12,25,45,51,61,76,77,78,83,101,108,171,185,221
458,4,10,12,18,22,25,32,42,61,75,76,77,78,100,101,127,130,185,223
459,1,4,10,12,21,45,61,62,76,77,78,87,88,89,157,175,177,183
460,1,4,7,12,18,25,32,54,76,77,78,100,108,130,185,187,188
461,2,4,5,7,14,17,18,32,68,75,76,77,78,133,138,147,148,189,191
462,1,4,7,12,54,76,77,78,100,106,107,195,199,219,263
463,2,5,7,14,17,18,32,76,77,78,146,147,148
464,4,18,22,32,42,67,75,76,77,78,129,130,134,137,139,144,151,152,187,229
465,1,4,10,45,50,59,61,62,76,77,78,88,89,157,177,179
466,4,10,12,21,45,61,62,76,77,78,87,109,175,177,183
467,4,16,56,76,77,78,84,219
468,4,10,12,18,21,22,25,32,42,61,75,76,77,78,101,109,110,127,130,183,223
469,1,4,12,16,25,54,56,61,76,77,78,100,108,187,219
470,1,4,7,10,12,25,45,62,76,77,78,83,101,109,155,171,172,185
471,1,4,12,16,18,32,54,61,76,77,78,100,106,107,130,187,219
472,1,4,7,16,56,76,77,78,84,197,201,219
473,1,4,10,12,21,45,76,77,78,87,88,89,109,177,178,183
474,1,4,10,45,62,76,77,78,86,87,155,175
475,1,4,7,10,45,62,76,77,78,83,85,86,155,175
476,1,4,7,10,50,59,76,77,78,88,89,124,157,179,180
477,1,4,7,10,36,45,59,60,76,77,78,88,89,102,103,157,173,177,179,180
478,1,4,16,51,53,76,77,78,81,82,84,211,219,220,221
479,4,10,12,18,22,25,32,42,61,75,76,77,78,101,127,130,183,185,223
480,1,4,10,45,62,76,77,78,87,88,89,157,175,177
481,1,4,7,10,45,62,76,77,78,83,155,171,172
482,1,4,7,10,16,45,51,55,61,76,77,78,81,83,221,222
483,1,4,7,10,12,25,45,62,76,77,78,83,101,171,172,185
484,1,4,12,15,29,54,76,77,78,100,107,108,195,199,219
485,1,4,7,10,45,46,51,61,76,77,78,83,171,172,221,222
486,1,4,12,16,25,56,76,77,78,84,108,185,219
487,1,4,7,12,16,25,56,76,77,78,84,108,185,219,220
488,4,12,15,16,29,54,56,76,77,78,95,100,108,195,197
489,1,4,10,12,21,25,45,76,77,78,86,101,109,175,183,185
490,1,4,7,15,29,44,76,77,78,94,95,195,197,201,203
491,1,4,7,15,29,76,77,78,95,96,197
492,1,4,7,12,25,76,77,78,101,183,185,186
493,4,10,12,16,25,51,56,76,77,78,82,84,108,185,219
494,1,4,7,10,16,51,53,56,61,76,77,78,81,82,84,185,219,220,222
495,1,4,15,16,29,56,76,77,78,84,96,197,201
496,4,10,12,16,25,45,51,56,61,76,77,78,82,83,84,108,185,219,221
497,1,4,7,16,56,76,77,78,84,219,220
498,4,15,29,47,76,77,78,94,95,100,195,197,201
499,1,2,4,7,14,18,32,67,68,75,76,77,78,138,139,143,144,146,148,150,151,152,229,230
500,1,4,7,12,18,25,32,42,75,76,77,78,100,101,130,183,185,186
501,1,4,7,12,15,16,25,29,54,56,76,77,78,84,100,108,195,197,219,220
502,4,7,15,16,29,56,76,77,78,95,108,195,196,197
503,1,4,7,10,12,18,21,32,42,61,75,76,77,78,101,109,130,183,184
504,1,2,4,5,7,12,14,18,21,22,32,42,43,67,68,75,76,77,78,102,103,126,128,133,136,141,145,148,173,223,224,225,227,229,230
505,1,4,7,10,12,18,21,22,32,42,61,75,76,77,78,127,128,130,223,224
506,1,4,7,12,18,32,54,61,77,78,130,187,188,219,263
507,1,4,7,10,12,18,21,22,32,42,61,75,76,77,78,101,110,127,128,130,183,223
508,1,4,7,15,29,44,47,76,77,78,94,95,195,197,201,203
509,1,4,7,15,16,29,56,76,77,78,84,95,96,108,197,198,219
510,1,3,4,8,12,15,28,29,44,54,76,77,78,95,107,195,199,263
511,1,4,7,18,22,32,42,43,67,75,76,77,78,127,134,136,139,141,145,149,150,151,223,227,229,230
512,1,4,7,15,29,47,76,77,78,95,96,195,197,201
513,1,4,7,12,18,25,32,42,54,75,76,77,78,100,130
514,1,4,7,12,18,21,22,25,32,42,75,76,77,78,101,110,127,130,183,184,223,224
515,1,4,7,10,12,18,21,22,32,42,61,75,76,77,78,101,109,128,130,173,174,183,184,223,224
516,1,4,7,10,12,18,21,22,32,42,61,75,76,77,78,101,109,127,130,183,184,223
517,1,4,7,12,15,29,44,54,76,77,78,94,95,100,107,195,196,199
518,1,4,7,12,18,25,32,54,76,77,78,100,130,186,187
519,1,4,7,15,29,44,76,77,78,94,95,195
520,1,4,7,12,18,25,32,42,67,75,76,77,78,100,130,223,229,230
521,1,4,7,10,12,18,21,22,32,42,45,60,61,75,76,77,78,101,102,103,109,128,130,173,174,178,183,184,223,224
522,1,2,4,5,7,14,18,32,67,68,75,76,77,78,138,139,143,144,146,148,150,151,152,229,230
523,1,2,4,5,7,14,18,22,32,42,43,67,68,75,76,77,78,127,128,136,139,141,145,149,150,223,224,227,229,230
524,1,4,7,10,12,18,21,22,25,32,42,61,75,76,77,78,101,110,127,130,183,184,223,224
525,1,4,7,12,18,21,22,32,42,43,75,76,77,78,102,103,127,128,130,136,145,173,174,223,224,226,228
526,1,3,6,7,8,12,18,27,32,54,61,76,77,78,106,107,130,188,200,220,263
527,2,3,5,6,8,14,17,18,27,34,75,76,146,147,261,262
528,1,4,7,10,12,18,21,32,61,76,77,78,101,109,130,183,184
529,1,3,4,6,7,8,9,15,27,28,29,30,31,44,61,76,77,78,95,196,199,200,251,252,263,264,265,266
530,1,4,7,18,22,32,42,67,75,76,77,78,127,130,134,139,142,149,150,151,224,229,230
531,1,4,6,7,9,15,29,30,44,76,77,78,94,95,195,196,199,200,244,252,264,265
532,1,4,7,18,32,77,78,130,188
533,1,7,12,15,29,54,56,76,77,78,94,95,100,107,108,195,196,198
534,1,4,7,12,18,25,32,33,42,54,75,76,77,78,100,106,107,108,130,187,188,220
535,1,4,7,12,18,22,25,32,33,42,75,76,77,78,100,101,108,127,130,185,186,224
536,1,5,7,12,14,18,22,32,33,42,52,67,75,76,77,78,129,130,144,151,152,188,190,200,220,230
537,1,4,7,15,29,76,77,78,95,96,195,196,197,198
538,1,4,7,10,50,59,61,76,77,78,88,89,158,179,180
539,1,7,12,15,29,44,54,76,77,78,95,107,195,196,199,200
540,1,4,7,10,12,18,21,22,25,32,33,42,61,75,76,77,78,101,110,127,130,183,184,185,186,224
541,1,4,7,12,18,22,25,76,77,78,100,101,127,185,186
542,4,7,10,12,25,45,51,61,76,77,78,83,101,108,171,172,185,186,221
543,1,4,5,7,10,12,14,18,21,32,33,43,52,60,68,75,76,77,78,102,103,111,133,136,141,143,228
544,1,4,7,10,16,51,53,56,61,76,77,78,82,84,219,220
545,1,4,7,15,16,29,56,76,77,78,94,95,108,195,196,197,198
546,4,7,12,18,25,32,33,54,76,77,78,100,108,130,185,186,187,188
547,1,4,7,10,12,16,25,56,61,76,77,78,84,108,185,186,187,219,220
548,1,7,16,56,64,76,77,78,84,220
549,1,7,18,22,32,33,42,67,75,76,77,78,129,130,134,137,139,142,144,150,151,152,224,230
550,1,4,7,10,45,62,76,77,78,83,171,172
551,1,7,10,12,21,45,61,76,77,78,87,88,89,109,176,177,178,183,184
552,1,4,7,12,15,16,25,54,56,76,77,78,84,100,108,186,187,188,219,220
553,1,4,7,12,15,16,54,56,61,76,77,78,100,108,195,196,198,219,220
554,7,16,56,64,76,77,78,84,212,220
555,1,4,7,10,12,18,21,32,33,42,61,75,76,77,78,101,109,130,183,184,224
556,1,4,7,12,54,76,77,78,100,106,107,108,196,219,220
557,1,7,10,45,62,76,77,78,83,85,156,175,176
558,1,4,7,10,16,51,56,76,77,78,82,84,185,219,220,222
559,7,10,12,18,25,32,33,42,54,61,75,76,77,78,100,108,130,186,188
560,4,7,10,12,16,25,45,51,56,61,76,77,78,82,83,84,108,172,185,186,220,222
561,1,4,7,10,45,50,59,76,77,78,88,89,102,103,158,179,180
562,1,7,16,56,64,76,77,78,84,212,220
563,7,10,12,25,45,62,76,77,78,83,101,109,156,171,172
564,1,4,7,10,12,21,45,59,61,76,77,78,87,88,89,102,103,109,177,178,179,180,183,184
565,4,7,10,12,16,25,51,56,61,76,77,78,82,84,108,185,186,220,222
566,1,4,7,10,12,21,45,76,77,78,86,87,109,156,175,176,183,184
567,1,4,7,10,45,62,76,77,78,83,85,156,171,172,175,176
568,7,15,29,44,47,76,77,78,94,95,195,196,198,200
569,1,4,7,16,56,76,77,78,84,219,220
570,1,7,10,12,21,45,62,76,77,78,87,156,158,176,178
571,1,4,7,15,16,29,56,76,77,78,84,197,198,219,220
572,1,7,15,29,35,37,44,76,77,78,94,95,196,200,244,246
573,1,4,7,12,25,76,77,78,101,109,172,185,186
574,1,4,7,10,16,45,51,53,55,61,62,76,77,78,80,81,83,154,172,221,222
575,1,4,7,10,12,25,45,76,77,78,83,85,86,101,109,110,156,171,175,176,185,186
576,7,16,56,76,77,78,84,212,220
577,7,10,12,18,22,25,32,33,42,61,75,76,77,78,101,108,127,186
578,1,7,10,45,62,76,77,78,87,88,89,176,177,178,179,180
579,5,6,7,8,12,14,18,27,32,33,52,61,67,76,77,78,138,140,144,147,151,152,190,192,200,230,248,262
580,1,4,7,10,12,25,76,77,78,101,109,110,171,172,185,186
581,1,7,10,45,62,76,77,78,85,86,156,175,176,184,186
582,7,10,12,18,21,32,33,45,46,61,76,77,78,87,101,109,110,130,176,178,184
583,1,7,10,12,21,45,62,76,77,78,87,156,175,176
584,1,2,3,5,6,7,8,9,12,14,15,18,23,27,30,34,44,52,75,76,77,78,107,200,248,250,261,262,263,267,268
585,1,4,7,10,16,45,51,53,76,77,78,81,82,83,219,220,221,222
586,7,12,25,76,77,78,108,186,187,188
587,7,10,16,51,53,56,61,76,77,78,80,81,82,84,210,212,220,222
588,4,7,12,15,16,25,29,54,56,76,77,78,84,108,195,197,198,219,220
589,1,4,7,10,45,46,61,62,76,77,78,83,171,172,221,222
590,7,10,12,25,45,51,61,76,77,78,83,101,108,172,186
591,1,4,7,10,12,18,21,22,25,32,33,42,61,75,76,77,78,101,109,110,127,130,183,184,186,224
592,4,7,15,16,29,56,76,77,78,84,95,108,197,198,220
593,1,4,7,10,12,18,22,25,32,33,42,61,75,76,77,78,100,101,127,130,185,186,224
594,7,10,45,46,61,62,76,77,78,83,156,172
595,7,10,12,16,18,25,32,33,54,56,61,76,77,78,108,186,188,220
596,7,16,53,56,61,64,76,77,78,84,210,212,220
597,1,7,10,45,62,76,77,78,86,87,156,175,176,184
598,1,7,16,56,76,77,78,84,198,220
599,7,10,12,18,21,25,32,33,45,61,76,77,78,86,109,110,130,156,184,186
600,1,4,7,10,12,21,45,76,77,78,86,87,109,110,156,175,176,183,184
601,7,12,15,18,19,29,32,33,54,61,76,77,78,107,196,200,220
602,7,10,12,25,61,76,77,78,101,109,110,172,186
603,7,10,12,21,45,61,62,76,77,78,87,109,110,156,176,178,184
604,6,7,8,15,27,29,44,61,76,77,78,95,96,196,200,250,252,263,264
605,7,16,56,61,64,76,77,78,84,212,220
606,7,10,16,51,53,55,61,76,77,78,80,81,82,84,210,212,220,222
607,1,7,16,51,53,76,77,78,81,82,84,210,212,220,222
608,7,15,29,44,47,76,77,78,94,95,195,196,198,200
609,1,7,10,12,25,45,61,62,76,77,78,83,85,109,110,156,171,172,175,176,185,186
610,6,7,8,12,15,18,19,27,32,33,42,44,52,61,67,75,76,77,78,96,104,107,144,190,192,200,220,230
611,1,7,10,12,18,21,32,33,43,45,59,60,61,76,77,78,88,89,102,103,111,136,145,174,180,224,226,228
612,7,10,12,16,25,45,51,61,76,77,78,83,101,108,172,186,222
613,1,7,10,45,62,76,77,78,83,85,156,171,172,176
614,1,4,7,12,16,25,56,76,77,78,108,185,186
615,1,6,7,8,12,18,22,27,32,33,42,52,54,75,76,77,78,106,107,129,130,188,190,196,200,220,263
616,7,12,16,25,56,76,77,78,84,220
617,1,7,10,12,21,45,46,50,61,62,76,77,78,87,88,89,158,178,180
618,1,6,7,8,12,15,27,28,29,44,54,76,77,78,95,96,107,196,200,250,263,264
619,7,15,44,76,77,78,94,95,196,200,244,252
620,7,16,56,64,76,77,78,84,212,220
621,7,10,12,18,21,22,32,33,36,45,59,60,61,76,77,78,88,89,102,103,109,110,124,128,158,168,174,178,179,180,184,224
622,1,7,15,29,47,76,77,78,94,95,195,196,198,202
623,1,7,10,45,46,62,76,77,78,83,156,171,172
624,3,5,6,7,8,12,14,18,23,27,33,34,52,61,75,76,77,78,96,107,113,192,200,208,248,250,261,262,263,268
625,7,10,45,51,53,55,61,76,77,78,81,82,83,154,172,210,222
626,7,10,12,18,21,25,42,61,75,76,77,78,101,109,110,130,184,186
627,7,10,16,51,53,55,76,77,78,79,80,81,82,154,210,222
628,7,16,56,76,77,78,84,96,198,202,212
629,4,7,10,16,51,56,76,77,78,82,84,185,219,220
630,7,10,12,18,21,32,33,42,45,61,75,76,77,78,86,87,101,109,110,130,184,224
631,1,4,7,10,45,62,76,77,78,83,171,172
632,7,16,56,76,77,78,84,108,220
633,1,7,15,29,76,77,78,95,96,197,198
634,7,10,36,45,46,50,59,61,62,76,77,78,88,89,102,103,124,158,162,180
635,7,16,56,61,64,76,77,78,84,212,220
636,7,15,29,76,77,78,95,96,198,202
637,7,10,12,16,25,61,76,77,78,108,186,220,222
638,1,7,15,16,29,56,76,77,78,84,96,197,198
639,7,10,15,16,18,19,32,33,56,61,77,78,196,198,220
640,1,7,10,45,55,62,76,77,78,83,156,172
641,1,7,12,15,29,54,76,77,78,100,106,107,195,196,199,200,263
642,7,10,12,15,16,25,54,56,61,76,77,78,84,108,198,220
643,1,7,10,45,50,59,61,62,76,77,78,88,89,158,180
644,7,12,16,18,19,32,33,42,54,61,75,77,78,130,188,196,198,220
645,7,10,46,62,76,77,78,86,87,156,160,176
646,7,15,29,44,76,77,78,94,95,100,196,198,200
647,7,12,15,29,54,56,61,76,77,78,95,107,108,196
648,1,4,7,10,12,25,45,62,76,77,78,83,85,86,109,110,156,175,176,184,186
649,7,15,29,44,47,76,77,78,94,95,196,200,202,206
650,1,7,10,45,62,76,77,78,87,88,89,158,162,178,180
651,7,12,15,18,19,32,33,42,54,61,75,76,77,78,107,108,196,220
652,5,6,7,8,12,13,14,17,27,52,76,105,111,147,148,190,192,268
653,7,10,16,51,53,55,56,61,64,76,77,78,80,81,82,84,117,210,212
654,7,10,36,46,50,59,61,62,76,77,78,88,89,124,158,162,168,180
655,7,10,18,32,33,36,43,45,60,61,76,77,78,90,91,92,93,102,103,124,145,158,168,174,180,224,226
656,7,12,15,18,19,22,32,33,42,44,52,61,75,76,77,78,95,96,107,129,130,132,190,192,196,200,208,220
657,7,10,12,36,45,50,59,72,76,77,78,88,89,102,103,111,124,158,168,174,180,192
658,7,16,56,64,76,77,78,84,198,212,220
659,7,15,16,29,56,64,76,77,78,84,198,202,220
660,7,10,12,25,45,46,61,62,76,77,78,83,101,109,110,156,160,172
661,1,7,15,29,47,76,77,78,95,96,196,198,202
662,7,15,16,19,56,61,76,77,78,84,108,196,198,202,220
663,7,10,46,61,62,76,77,78,83,156
664,7,16,56,61,64,76,77,78,84,202,212,218,220
665,7,10,45,46,61,62,76,77,78,83,85,86,156,160,176
666,7,10,45,62,76,77,78,86,87,156,160,176,184,186
667,7,10,46,62,76,77,78,83,85,156,160,172,176
668,7,15,16,56,61,76,77,78,84,198,202,220
669,5,7,12,14,18,32,33,42,43,52,67,75,76,77,78,105,111,125,126,132,136,141,143,145,148,190,192,194,228,230
670,7,10,12,45,46,55,61,76,77,78,83,154,156,172
671,7,10,45,46,62,76,77,78,85,86,156,160
672,7,15,29,76,77,78,94,95,100,196,198,202
673,7,10,46,55,61,62,76,77,78,83,154,156,172
674,7,16,38,56,61,76,77,78,117,210,212,214
675,6,7,8,9,12,15,27,29,30,44,54,76,77,78,95,96,107,196,200,250,252,263
676,1,6,7,8,12,15,18,19,27,32,33,44,52,54,76,77,78,95,96,106,107,196,200,220,250,263
677,7,10,16,53,55,61,76,77,78,80,81,154,210
678,7,10,12,25,45,46,61,76,77,78,83,101,109,110,154,156,160,172
679,7,10,45,46,62,76,77,78,87,156,160,176
680,7,15,16,19,29,56,61,76,77,78,84,95,108,198,202,204
681,5,6,7,8,12,14,27,52,61,76,77,78,104,105,107,112,113,190,192,200,208,248,250
682,7,12,15,18,19,29,32,33,42,44,47,54,61,75,76,77,78,95,107,108,196,200
683,7,10,12,21,45,46,61,62,76,77,78,86,109,110,156,160
684,7,10,45,46,61,62,76,77,78,83,156,172
685,7,10,16,38,51,53,61,64,76,77,78,82,84,117,210,212
686,3,6,7,8,9,15,24,27,30,31,33,35,39,44,49,57,58,61,71,73,74,76,77,78,95,96,131,200,208,244,246,252,254,256,258,264,265,266,267
687,7,16,53,61,64,76,77,78,82,84,210,212
688,7,10,45,62,76,77,78,87,156,176
689,7,10,16,51,53,61,76,77,78,80,82,84,117,210,214,222
690,7,15,29,63,76,77,78,84,95,96,202,204
691,7,10,16,53,55,76,77,78,79,80,81,83,154,210
692,7,10,45,46,61,62,76,77,78,86,87,156,160
693,6,7,9,15,30,44,57,73,76,77,78,95,200,244,246,252,264,265
694,7,12,18,19,22,32,33,42,52,61,75,76,77,78,107,129,190,196,200,220
695,7,12,15,16,19,29,54,56,61,76,77,78,84,95,108,196,198,202,220
696,7,10,16,38,51,56,61,76,77,78,82,84,117,210,212,214
697,3,6,7,8,9,12,15,18,23,27,30,33,34,35,44,49,52,61,75,76,77,78,96,114,131,200,208,250,252,263,264,266,267,268
698,7,10,12,18,21,32,33,36,45,46,61,76,77,78,88,89,124,158,162,168,224
699,7,16,56,61,64,76,77,78,84,212
700,7,10,45,46,55,61,62,76,77,78,83,154,156,172,222
701,7,15,16,29,56,76,77,78,84,96,202,204
702,7,10,46,61,62,76,77,78,88,89,158,162,178
703,7,10,36,46,50,61,62,76,77,78,88,89,158,162
704,7,16,38,53,61,64,76,77,78,84,212
705,5,7,12,13,17,18,42,52,72,75,76,77,78,105,111,112,113,132,190,192
706,7,15,29,47,76,77,78,95,96,196,198,202,204
707,7,15,44,47,61,76,77,78,96,200,208
708,7,15,29,44,47,76,77,78,94,95,96,196,198,200,202,204,206
709,7,10,46,61,62,76,77,78,83,156,172
710,7,15,29,47,76,77,78,95,96,196,198,202,204
711,7,15,29,37,44,47,61,76,77,78,94,95,196,200,204,206
712,7,15,16,29,56,76,77,78,84,96,198,202
713,7,16,38,56,61,64,76,77,78,84,212,214,218
714,7,10,46,61,62,76,77,78,83,85,156,160
715,7,10,16,45,46,53,55,61,76,77,78,81,83,154,210
716,7,10,12,25,45,46,61,62,76,77,78,83,85,109,110,156,160,186
717,7,10,12,21,45,46,61,62,76,77,78,87,156,158,160,176,178
718,7,12,15,29,44,47,54,76,77,78,94,95,107,196,200
719,7,10,45,46,62,76,77,78,87,156,160
720,7,15,37,44,47,61,76,77,78,95,200,204,206,208
721,7,16,53,76,77,78,79,80,82,154,210
722,7,15,19,29,47,56,61,63,76,77,78,95,96,108,196,202,204
723,7,10,12,25,45,46,61,62,76,77,78,85,101,109,110,156,160
724,7,10,11,46,61,62,76,77,78,83,156,160
725,7,10,11,46,55,61,76,77,78,81,83,154
726,6,7,9,15,30,35,37,39,44,47,57,70,73,76,77,78,95,96,200,208,244,246,252,254,256
727,7,10,11,45,46,62,76,77,78,87,88,89,156,158,160,162,178
728,5,7,12,14,18,19,32,33,52,61,67,76,77,78,104,107,135,144,151,190,192,200,230
729,7,10,11,12,18,21,25,32,33,45,46,61,62,76,77,78,86,156,160,166
730,7,10,11,12,19,36,65,72,76,77,78,105,111,115,124,158,168,174,182,192,236
731,7,12,19,52,61,65,72,76,77,78,105,111,113,115,125,126,190,192,194,208
732,7,12,19,48,61,65,72,76,77,78,97,105,113,115,192,208,236,240,242
733,7,12,15,19,29,47,48,54,56,61,76,77,78,95,108,196,202,204
734,6,7,9,15,30,35,37,39,44,47,57,70,73,76,77,78,94,95,96,200,206,244,246,254
735,7,16,56,64,76,77,78,84,202,212
736,7,10,11,46,62,76,77,78,87,156,160
737,5,6,7,8,12,17,27,52,76,77,78,105,111,112,132,190,192,248,250
738,6,7,8,9,12,15,24,27,30,33,35,39,44,49,52,57,61,73,76,77,78,96,131,200,208,244,252,256,258,264,266,267
739,7,10,11,12,16,25,38,56,61,64,76,77,78,84,108,214,218
740,7,10,11,18,32,33,36,46,61,76,77,78,88,89,90,91,92,93,124,158,168,182,224,226
741,7,10,11,46,61,62,76,77,78,87,88,89,158,160,162
742,7,15,19,47,48,61,76,77,78,96,204
743,7,10,11,16,38,53,55,61,76,77,78,79,80,82,117,210,212
744,5,7,12,14,18,19,32,33,42,43,52,61,75,76,77,78,105,112,132,135,136,143,145,190,192,230
745,5,6,7,9,12,17,19,24,40,52,72,76,77,78,97,105,112,113,192,208,256,258,260
746,7,10,11,12,18,32,33,36,43,52,60,61,72,76,77,78,105,111,124,125,126,145,174,180,182,192,194,226,228,236
747,7,16,38,56,61,64,76,77,78,84,96,116,117,202,212,218
748,7,10,11,46,61,62,76,77,78,87,156,160
749,7,10,11,16,53,55,76,77,78,80,81,83,154,210
750,7,15,37,44,47,61,76,77,78,95,96,200,206,208
751,7,10,11,12,21,45,46,61,62,76,77,78,87,109,110,156,160,184
752,7,15,16,19,38,56,61,76,77,78,84,96,116,202,204,218,220
753,7,15,37,47,61,76,77,78,95,96,204,206
754,7,10,11,12,18,32,33,43,52,60,72,76,77,78,111,125,126,136,145,190,192,194,226,228
755,5,6,7,8,9,12,13,17,19,24,27,35,52,76,77,78,105,112,113,192,208,248,250,258,260
756,7,10,11,19,36,46,65,76,77,78,88,89,115,124,158,162,168,182,236
757,7,16,56,64,76,77,78,84,96,202,204,212,218
758,6,7,9,15,30,35,37,39,44,47,57,70,73,76,77,78,95,96,200,206,208,244,246,252,254,256
759,7,10,11,46,55,62,76,77,78,83,154,156
760,7,10,11,46,61,62,76,77,78,86,87,156,160
761,7,10,11,18,32,33,46,61,76,77,78,86,130,160,164,166
762,7,10,11,46,61,62,76,77,78,83,85,156,160
763,7,12,15,18,19,32,33,42,44,47,48,52,61,75,76,77,78,95,196,200
764,7,12,18,19,35,40,42,48,52,61,72,75,76,77,78,97,98,190,192,208,242
765,7,12,18,19,22,32,33,42,52,61,67,75,76,77,78,129,132,144,190,192
766,7,10,11,16,18,32,33,38,56,61,76,77,78,117,214,218
767,6,7,8,9,15,24,27,30,35,39,44,57,61,70,73,76,77,78,95,96,208,244,246,252,254,256
768,7,12,18,19,42,52,61,72,75,76,77,78,125,126,132,190,192,194,208
769,5,6,7,8,9,12,13,15,17,18,19,23,24,27,30,33,34,35,39,49,52,75,76,77,78,113,114,131,192,200,208,248,250,252,256,258,260,267,268
770,7,10,11,18,22,26,32,33,36,41,43,61,76,77,78,90,91,92,93,124,128,145,168,182,224,226
771,7,12,19,52,61,65,72,76,77,78,105,125,126,192,194,208,236
772,7,10,11,18,22,26,32,33,41,43,61,76,77,78,90,91,92,93,127,128,145,182,224,226,228
773,7,10,11,46,61,62,76,77,78,87,123,160
774,6,7,8,12,15,19,27,35,52,61,76,77,78,97,113,114,192,208,250,252
775,7,10,11,36,45,46,61,62,76,77,78,87,156,160
776,7,10,11,16,61,77,78,210,216
777,7,16,19,20,38,48,56,61,65,76,77,78,116,204,218
778,7,10,11,16,53,55,61,76,77,78,79,80,81,117,154,210
779,7,10,11,36,46,76,77,78,88,89,124,162,168
780,7,18,19,26,32,33,41,43,76,77,78,90,91,92,93,136,145,182,226,228,230
781,7,10,11,45,46,55,61,76,77,78,83,154,156,160
782,7,10,11,16,38,53,61,76,77,78,79,80,117,210,216
783,6,7,8,12,19,27,35,52,61,76,77,78,97,112,113,132,190,192,208,250
784,7,10,11,46,61,76,77,78,85,86,156,160,164
785,7,10,11,12,18,19,32,33,36,52,61,65,72,76,77,78,90,91,92,93,105,111,115,124,125,126,168,182,194,226,236
786,7,18,19,22,26,32,33,41,42,61,67,69,75,76,77,78,90,91,92,93,118,129,137,144,151,182,190,230,232
787,7,12,15,19,35,44,52,61,76,77,78,96,200,208
788,7,10,11,18,26,32,33,41,43,61,67,76,77,78,90,91,92,93,136,145,150,170,182,224,226,230
789,7,10,11,18,26,32,33,36,43,60,61,76,77,78,90,91,92,93,124,145,158,168,174,180,182,224,226
790,7,12,15,18,19,35,42,52,61,75,76,77,78,96,113,114,132,190,192,200,208
791,7,10,11,12,25,46,55,61,76,77,78,83,154,156
792,7,15,16,19,20,29,56,61,63,76,77,78,96,116,202,204,218
793,7,16,20,38,61,66,76,77,78,117,214,218
794,7,15,47,76,77,78,95,96,204,206
795,7,10,11,46,62,76,77,78,87,123,156,160
796,7,10,11,36,46,62,76,77,78,88,89,124,162,168
797,7,10,11,18,22,26,32,33,36,41,61,76,77,78,90,91,92,93,122,128,166,182,224,226
798,7,16,38,53,61,76,77,78,79,82,117,210,212,214
799,7,10,11,46,61,62,76,77,78,83,85,156,160
800,7,10,11,19,32,33,36,65,76,77,78,115,124,168,182,236
801,7,10,11,18,32,33,36,41,46,61,76,77,78,90,91,92,93,122,124,166,168,182,224
802,7,18,26,32,33,41,43,76,77,78,90,91,92,93,136,145,170,182,226,228
803,6,7,8,12,19,27,35,52,76,77,78,97,112,113,192,208,250
804,7,16,38,64,76,77,78,84,117,212,214,218
805,7,15,19,47,48,61,63,76,77,78,96,116,202,204,238
806,6,7,9,15,19,30,35,37,39,47,57,70,73,76,77,78,95,96,200,206,208,244,246,252,254
807,7,12,19,40,48,61,65,72,76,77,78,97,115,208,242
808,7,10,11,16,38,53,55,61,76,77,78,79,80,117,210,216
809,7,16,38,64,76,77,78,84,117,212,214,218
810,7,15,19,20,48,61,63,76,77,78,96,116,204,238
811,6,7,8,9,12,19,24,27,35,40,52,61,76,77,78,97,113,208,242,246,250,252,254,256,260
812,7,18,19,22,26,32,33,41,42,43,61,75,76,77,78,129,136,145,182,190,226
813,7,10,11,18,26,32,33,41,43,55,61,76,77,78,90,91,92,93,121,145,164,170,182,226
814,7,12,19,61,72,76,77,78,97,113,208
815,7,12,18,19,22,35,42,52,61,75,76,77,78,113,114,129,132,190,192,208
816,6,7,8,9,15,19,24,27,30,35,39,57,61,70,73,76,77,78,114,206,208,242,244,246,252,254,256
817,7,12,19,48,61,65,72,76,77,78,105,115,192,208,236,240
818,7,10,11,12,18,25,32,33,42,46,61,75,77,78,130,154,160,164,224
819,7,12,18,19,42,52,61,75,76,77,78,113,132,190,192,208
820,7,10,11,18,32,33,46,61,77,78,160,166
821,7,16,38,53,61,76,77,78,80,117,210,212,214,216
822,7,16,38,53,56,64,76,77,78,82,84,117,210,212,214
823,7,10,11,36,46,61,62,76,77,78,87,156,160,162
824,7,10,11,46,76,77,78,85,86,160,164
825,7,10,11,16,55,76,77,78,81,83,154,156
826,7,10,11,18,26,32,33,36,41,61,76,77,78,90,91,92,93,164,166,182,226
827,7,15,19,48,61,65,76,77,78,99,116,204,218,238
828,7,10,11,16,46,53,55,61,76,77,78,79,80,81,154,210
829,7,12,18,19,22,26,32,33,41,42,43,52,61,65,75,76,77,78,90,91,92,93,98,99,129,145,182,190,194,226,234
830,7,10,11,46,55,61,76,77,78,83,154
831,7,10,11,46,62,76,77,78,85,86,156,160
832,7,19,35,48,61,65,76,77,78,98,115,192,236,238,240
833,7,10,11,46,55,76,77,78,83,154,156,160
834,7,10,11,46,62,76,77,78,88,89,162
835,7,10,11,18,32,33,46,61,77,78,160,164,166
836,7,12,19,35,52,61,76,77,78,97,113,190,208,242
837,7,18,26,32,33,41,43,67,76,77,78,90,91,92,93,145,150,151,170,182,226,230,232
838,7,18,19,26,32,33,41,43,61,65,76,77,78,90,91,92,93,99,115,145,182,226
839,7,10,11,45,46,61,62,76,77,78,85,86,156,160
840,7,10,11,36,46,76,77,78,88,89,124,162,168
841,7,10,11,46,62,76,77,78,85,86,160
842,7,15,19,48,61,65,76,77,78,96,99,116,238
843,7,15,37,47,61,76,77,78,95,96,204,206
844,7,16,38,56,64,76,77,78,84,96,116,117,202,204,218
845,6,7,9,15,19,30,35,37,44,47,61,76,77,78,95,96,206,208,242,252
846,7,15,19,37,40,47,61,76,77,78,95,96,204,206
847,7,15,19,47,48,61,76,77,78,95,96,116,204,238
848,7,12,19,35,40,61,72,76,77,78,97,190,192,208,242
849,7,12,18,19,42,52,61,75,76,77,78,97,113,132,190,192,208,242
850,7,10,11,46,55,61,76,77,78,81,83,154
851,7,10,11,16,18,19,32,33,38,41,61,65,76,77,78,90,91,92,93,118,170,234
852,7,10,11,36,46,61,76,77,78,87,123,160,166
853,7,10,11,18,32,33,36,41,55,76,77,78,90,91,92,93,121,122,124,164,166,182,226
854,7,10,11,46,61,62,76,77,78,86,160,166
855,7,15,19,40,47,48,61,76,77,78,96,114,204,238
856,7,10,11,46,55,61,76,77,78,83,154,156,160
857,7,10,11,16,53,55,76,77,78,79,80,81,117,154,210
858,7,10,11,36,46,61,76,77,78,87,123,124,160,162,166,168
859,7,16,20,38,56,61,66,76,77,78,116,117,204,218
860,7,12,19,35,40,48,52,61,76,77,78,97,113,208,242,252
861,7,10,11,46,55,76,77,78,81,83,154
862,7,10,11,46,62,76,77,78,86,87,123,160,166
863,6,7,8,9,12,19,24,27,35,40,52,76,77,78,97,113,114,208,242,244,246,252,254,256,258,260
864,7,10,11,46,62,76,77,78,85,86,160,164,166
865,7,16,38,76,77,78,117,212,214
866,7,16,19,20,38,48,56,76,77,78,96,116,204,218
867,7,10,11,16,53,55,76,77,78,80,81,83,154,210
868,7,16,38,53,76,77,78,79,117,210,212,214,216
869,7,18,19,32,33,41,48,61,65,76,77,78,90,91,92,93,99,182,232,234,238
870,7,10,11,16,18,32,33,41,55,61,76,77,78,90,91,92,93,170,182
871,7,10,11,36,46,61,76,77,78,87,123,160,166
872,7,15,19,35,40,61,76,77,78,114,208,242
873,7,10,11,16,18,19,41,53,55,61,65,76,77,78,81,83,90,91,92,93,99,120,121,170,182,232,234
874,7,10,11,16,18,22,26,32,33,38,41,42,53,61,67,75,76,77,78,90,91,92,93,127,129,137,170,182,224,230,232
875,7,15,19,37,40,47,48,61,76,77,78,95,96,114,116,204,206,238,242
876,7,10,11,46,62,76,77,78,87,88,89,158,160,162
877,7,10,11,18,19,32,33,41,55,65,76,77,78,83,99,121,170,182,232,234,236
878,7,10,11,36,46,61,76,77,78,88,89,124,160,162,166,168
879,7,19,48,65,76,77,78,115,236,240
880,7,16,18,19,20,32,33,38,48,61,65,66,76,77,78,99,116,218,238
881,7,15,19,47,48,61,76,77,78,96,116,204,238
882,7,10,11,12,19,40,48,61,72,76,77,78,97,98,208,242
883,7,10,11,36,41,46,61,76,77,78,87,90,91,92,93,123,160,166,182
884,7,19,48,61,65,76,77,78,99,118,234,238
885,7,10,11,36,46,76,77,78,83,85,86,154,160,164
886,6,7,9,15,19,30,35,37,47,61,70,76,77,78,96,114,206,208,242,244,252
887,7,10,11,36,46,55,76,77,78,83,154
888,7,19,40,48,76,77,78,97,98,115,242
889,7,10,11,46,55,76,77,78,81,83,154,160
890,7,10,11,16,18,32,33,53,55,76,77,78,80,210,216
891,7,16,19,48,65,66,76,77,78,99,116,117,204,218,234,238
892,7,12,18,19,32,33,34,41,42,52,61,65,75,76,77,78,90,91,92,93,98,99,182,190,194,226,234
893,7,16,19,38,61,65,66,76,77,78,116,117,218,234,238
894,7,16,38,53,61,76,77,78,79,117,210,214,216
895,7,10,11,16,53,55,76,77,78,79,80,81,83,154,210
896,7,10,11,36,46,61,76,77,78,86,154,164,166
897,7,18,19,42,48,61,65,75,77,78,234,238
898,7,16,38,61,66,76,77,78,117,214,216
899,7,16,20,38,76,77,78,116,117,214,218
900,7,10,11,18,19,32,33,34,36,65,76,77,78,115,124,168,182,236
901,7,19,48,65,76,77,78,98,115,240,242
902,7,19,40,48,76,77,78,97,98,238,240,242
903,7,19,48,61,65,76,77,78,90,91,92,93,98,115,234,236,238,240
904,7,12,19,40,48,61,65,76,77,78,97,98,115,208,238,240,242
905,7,10,11,36,46,61,76,77,78,86,122,123,160,164,166
906,7,10,11,46,62,76,77,78,83,154,160
907,7,16,18,19,38,41,65,66,76,77,78,90,91,92,93,117,216,218,234,238
908,7,18,19,22,32,33,34,41,42,61,65,69,75,76,77,78,90,91,92,93,118,129,170,190,232,234
909,7,10,11,19,36,48,65,76,77,78,98,115,124,168,236,240
910,7,10,11,36,55,76,77,78,90,91,92,93,121,122,164,166
911,7,18,19,32,33,34,41,48,61,65,76,77,78,98,99,234,238
912,7,10,11,18,32,33,34,36,46,55,61,76,77,78,83,86,154,160,164
913,7,19,48,61,65,76,77,78,98,190,208,234,238,242
914,7,10,11,36,46,76,77,78,87,88,89,124,162,168
915,7,15,19,40,47,48,61,76,77,78,96,114,206,208,238,242
916,7,16,38,61,66,76,77,78,117,214,216,218
917,7,15,19,47,48,65,76,77,78,96,114,116,238
918,7,10,11,18,32,33,34,36,41,55,61,76,77,78,83,86,90,91,92,93,154,164
919,7,10,11,18,19,36,41,55,65,76,77,78,90,91,92,93,99,121,124,164,166,170,182
920,7,16,20,38,66,76,77,78,117,214,216,218
921,7,18,19,32,33,34,61,65,76,77,78,90,91,92,93,182,236
922,7,10,11,16,18,32,33,34,53,55,61,76,77,78,81,83,154,210
923,7,10,11,36,46,61,76,77,78,124,166,168,182
924,7,19,48,61,77,78,238,242
925,7,10,11,36,46,61,76,77,78,79,83,85,86,154,160
926,7,10,11,36,46,61,76,77,78,79,86,122,123,160,166
927,7,18,19,32,33,34,48,61,65,76,77,78,79,116,238
928,7,10,11,16,38,53,55,76,77,78,79,80,117,210,216
929,7,16,19,20,48,65,66,76,77,78,79,116,204,218
930,7,19,40,48,61,76,77,78,79,97,98,208,238,242
931,7,15,19,40,47,48,76,77,78,79,96,114,116,238,242
932,7,10,11,16,53,55,76,77,78,79,80,81,83,154,160,210,216
933,7,10,11,36,55,76,77,78,79,121,122,164,166
934,7,10,11,36,46,76,77,78,79,87,122,123,124,160,166,168
935,7,10,11,16,38,53,55,76,77,78,79,80,81,117,210,212,214
936,7,15,19,48,65,76,77,78,79,96,99,116,234,238
937,7,11,19,48,61,65,76,77,78,79,98,115,168,182,236,240
938,7,10,11,16,53,55,76,77,78,79,80,81,83,154,210
939,7,19,35,40,76,77,78,79,97,242,244,246
940,7,16,38,53,76,77,78,79,80,117,210,214,216
941,7,19,35,40,48,61,76,77,78,79,97,98,238,242
942,7,19,48,65,69,76,77,78,79,99,118,119,234,238
943,7,16,38,66,76,77,78,79,117,214,216,218
944,7,10,11,46,55,76,77,78,79,81,83,154,160
945,7,10,11,18,36,41,55,61,76,77,78,79,121,122,164,166,170
946,7,10,11,18,36,41,55,61,76,77,78,79,83,90,91,92,93,121,154,164,170
947,7,10,11,36,46,76,77,78,79,88,89,124,168
948,7,10,11,16,18,19,32,33,34,41,55,65,69,76,77,78,79,90,91,92,93,99,117,118,170,182,232,234
949,7,16,19,20,38,65,66,76,77,78,79,116,117,214,218
950,7,15,19,35,37,40,47,61,76,77,78,79,96,114,206,242
951,7,15,19,48,65,76,77,78,79,96,99,116,204,238
952,7,10,11,16,18,32,33,34,38,41,53,61,76,77,78,79,170,210,216
953,7,10,11,36,76,77,78,79,86,121,122,164,166
954,7,10,11,19,36,65,76,77,78,79,115,122,124,164,166,168,182,236
955,7,19,40,48,61,76,77,78,79,97,98,238,242
956,7,15,19,40,47,48,61,76,77,78,79,96,114,238,242
957,7,16,38,53,76,77,78,79,117,212,214,216
958,7,16,38,61,66,76,77,78,79,117,216,218
959,7,18,19,26,32,33,34,41,42,61,65,75,76,77,78,79,90,91,92,93,98,99,182,190,226,234,238
960,7,11,19,48,65,76,77,78,79,98,99,115,182,234,236,238,240
961,6,7,9,15,19,24,30,35,39,40,57,61,70,76,77,78,79,96,97,114,208,242,244,246,254
962,7,10,11,16,18,32,33,34,41,53,55,61,76,77,78,79,80,81,120,170,210,216
963,7,10,11,36,46,76,77,78,79,86,123,154,160,164,166
964,7,19,35,40,61,76,77,78,79,97,238,242
965,7,10,11,18,19,36,41,55,65,76,77,78,79,99,121,164,170,182,236
966,7,16,18,19,32,33,34,38,41,53,61,65,69,76,77,78,79,90,91,92,93,117,118,170,216,232,234
967,7,10,11,36,46,61,76,77,78,79,122,123,160,166
968,7,16,38,66,76,77,78,79,117,214,216,218
969,7,16,19,38,53,65,69,76,77,78,79,117,119,120,170,210,216,234
970,7,15,19,40,47,48,61,76,77,78,79,96,97,114,242
971,7,19,35,40,48,61,76,77,78,79,97,114,238,242
972,7,18,19,32,33,34,41,48,61,65,76,77,78,79,90,91,92,93,234,238
973,7,10,11,16,38,61,76,77,78,79,117,216
974,7,10,11,36,55,61,76,77,78,79,83,86,121,154,164,210
975,6,7,8,9,19,24,27,30,35,39,40,70,76,77,78,79,97,113,114,242,244,246,254,256
976,7,10,11,36,46,55,76,77,78,79,83,86,154,210
977,7,19,35,40,48,65,76,77,78,79,97,98,115,236,238,240,242
978,7,18,19,41,48,65,76,77,78,79,90,91,92,93,98,99,234,238
979,7,16,18,19,38,41,61,65,76,77,78,79,90,91,92,93,117,118,170,216,234
980,7,19,48,65,76,77,78,79,98,99,116,238
981,7,19,35,40,48,61,76,77,78,79,97,114,208,238,242
982,7,10,11,16,36,53,55,76,77,78,79,81,83,86,120,121,154,170,210
983,7,10,11,36,55,76,77,78,79,83,86,154,210
984,7,10,11,18,32,33,34,36,53,55,61,76,77,78,79,83,154,210
985,7,10,11,36,46,55,76,77,78,79,83,85,86,154,160,164
986,7,19,48,61,65,76,77,78,79,98,234,238,242
987,7,10,11,16,38,53,55,76,77,78,79,80,117,210,216
988,7,19,48,65,76,77,78,79,98,99,118,232,234,238
989,7,16,19,38,65,66,76,77,78,79,90,91,92,93,99,117,216,234,238
990,7,10,11,16,38,53,55,76,77,78,79,80,81,83,210,216
991,7,19,35,40,48,76,77,78,79,97,98,234,238,240,242
992,7,19,35,40,76,77,78,79,97,208,242
993,7,10,11,16,18,38,41,53,61,76,77,78,79,120,170,210,216
994,7,19,48,61,65,76,77,78,79,98,99,234,238
995,7,10,11,19,48,55,65,76,77,78,79,83,99,170,232,234,236
996,7,18,19,26,32,33,34,41,61,65,69,76,77,78,79,90,91,92,93,99,118,182,232,234
997,7,16,38,66,76,77,78,79,117,214,216
998,7,19,40,48,76,77,78,79,98,114,116,238,242
999,7,10,11,16,18,19,41,53,55,65,69,76,77,78,79,117,118,119,120,170,210,232,234
1000,7,19,65,76,77,78,79,99,234,238
1001,7,19,48,61,65,76,77,78,79,98,99,115,234,238
1002,7,16,38,53,76,77,78,79,117,170,216,234
1003,7,16,19,38,65,66,76,77,78,79,117,216,218
1004,7,19,35,40,48,76,77,78,79,97,98,238,242
1005,7,19,48,61,65,76,77,78,79,98,234,238
1006,7,19,40,48,76,77,78,79,97,98,114,238,242
1007,7,19,48,61,77,78,79,238,242
1008,7,10,11,16,19,53,55,65,69,76,77,78,79,99,119,120,170,210,232,234
1009,7,10,11,16,53,55,76,77,78,79,80,81,83,154,210
1010,7,16,18,19,38,41,65,66,76,77,78,79,90,91,92,93,99,117,119,216,234
1011,7,19,40,48,61,76,77,78,79,97,98,114,238,242
1012,7,10,11,19,55,65,76,77,78,79,81,83,99,121,170,210,232,234
1013,7,19,35,40,48,61,76,77,78,79,97,98,238,242
1014,7,10,11,16,53,55,76,77,78,79,80,81,83,120,210,216
1015,7,10,11,36,55,76,77,78,79,83,121,122,154,164,170
1016,7,10,11,36,55,76,77,78,79,83,86,121,122,154,164
1017,7,19,40,48,76,77,78,79,97,98,238,242
1018,7,19,48,61,76,77,78,79,98,234,238
1019,7,19,48,65,76,77,78,79,98,99,238
1020,7,16,19,53,65,69,76,77,78,79,99,117,118,119,234
1021,7,19,48,65,76,77,78,79,98,99,238,242
1022,7,16,38,53,76,77,78,79,117,210,216,234
1023,7,16,18,19,38,41,53,65,76,77,78,79,90,91,92,93,99,117,119,216,234
1024,7,19,48,65,69,76,77,78,79,98,99,119,234,238
1025,7,16,53,76,77,78,79,117,120,170,210,216,234
1026,7,19,48,65,76,77,78,79,98,99,234,238
1027,7,19,40,48,76,77,78,79,97,98,234,238,242
1028,7,19,48,65,76,77,78,79,98,99,119,234,238
